<DATE>,<TIME>,<OPEN>,<HIGH>,<LOW>,<CLOSE>,<VOL>
20210503,091000,59.3000000,59.3000000,59.2700000,59.2700000,983
20210503,092000,59.2300000,59.2300000,59.0800000,59.0800000,460
20210503,094000,59.1100000,59.1100000,58.9400000,58.9400000,90
20210503,095000,59.1200000,59.1200000,59.1200000,59.1200000,5
20210503,100000,59.1200000,59.1200000,59.1200000,59.1200000,30
20210503,102000,59.1200000,59.1200000,59.1200000,59.1200000,20
20210503,103000,59.2000000,59.2000000,59.1800000,59.1800000,520
20210503,104000,59.2600000,59.2700000,59.2400000,59.2400000,128
20210503,105000,59.3000000,59.3000000,59.3000000,59.3000000,100
20210503,110000,59.4000000,59.4000000,59.4000000,59.4000000,100
20210503,112000,59.4100000,59.4100000,59.4000000,59.4000000,230
20210503,113000,59.3500000,59.4200000,59.3500000,59.4200000,265
20210503,114000,59.2500000,59.2500000,59.2500000,59.2500000,200
20210503,115000,59.1800000,59.1800000,59.1800000,59.1800000,50
20210503,121000,59.0300000,59.0300000,58.9900000,58.9900000,362
20210503,122000,59.0500000,59.0500000,59.0000000,59.0000000,50
20210503,123000,58.8400000,58.8400000,58.8400000,58.8400000,150
20210503,124000,58.8100000,58.8100000,58.8100000,58.8100000,100
20210503,130000,58.8600000,58.8600000,58.8600000,58.8600000,160
20210503,131000,58.7800000,58.7800000,58.7800000,58.7800000,200
20210503,132000,58.8300000,58.8300000,58.8000000,58.8000000,181
20210503,133000,58.9000000,58.9000000,58.9000000,58.9000000,20
20210503,140000,59.0300000,59.0300000,59.0300000,59.0300000,170
20210503,151000,59.2600000,59.2600000,59.2600000,59.2600000,90
20210503,153000,59.3400000,59.3400000,59.3000000,59.3000000,138
20210503,154000,59.2700000,59.2700000,59.2700000,59.2700000,20
20210503,160000,59.2200000,59.2200000,59.2200000,59.2200000,17
20210503,161000,59.3000000,59.3000000,59.3000000,59.3000000,45
20210503,162000,59.2500000,59.2500000,59.2500000,59.2500000,500
20210503,165000,59.3300000,59.3300000,59.3300000,59.3300000,39
20210503,170000,59.3100000,59.3100000,59.3100000,59.3100000,6
20210503,171000,59.3500000,59.3500000,59.3500000,59.3500000,433
20210503,172000,59.3900000,59.4300000,59.3900000,59.4300000,55
20210503,175000,59.4500000,59.4600000,59.4500000,59.4600000,337
20210503,181000,59.4100000,59.4100000,59.4100000,59.4100000,15
20210503,191000,59.3100000,59.3100000,58.6100000,59.0200000,717
20210503,192000,59.1500000,59.1500000,59.1500000,59.1500000,90
20210503,193000,59.1700000,59.1700000,59.1700000,59.1700000,50
20210503,204000,59.0200000,59.0200000,58.8700000,58.8700000,100
20210503,210000,59.1300000,59.1400000,59.1300000,59.1400000,50
20210503,214000,59.1900000,59.1900000,59.1900000,59.1900000,90
20210503,215000,58.9900000,59.2700000,58.9900000,59.2700000,42
20210503,225000,59.2100000,59.2100000,59.2100000,59.2100000,90
20210503,231000,59.1500000,59.1500000,59.1500000,59.1500000,1
20210503,233000,59.1500000,59.1500000,59.1500000,59.1500000,1
20210504,091000,59.3200000,59.3200000,59.3200000,59.3200000,49
20210504,094000,59.0500000,59.0500000,59.0500000,59.0500000,15
20210504,101000,59.4200000,59.4200000,59.4200000,59.4200000,200
20210504,110000,59.3000000,59.3000000,59.2000000,59.2000000,300
20210504,111000,59.0500000,59.0500000,59.0500000,59.0500000,65
20210504,112000,59.0900000,59.0900000,59.0900000,59.0900000,1180
20210504,113000,59.1200000,59.1200000,59.1200000,59.1200000,4
20210504,114000,59.0000000,59.0000000,58.9600000,58.9600000,40
20210504,115000,59.0200000,59.0200000,59.0200000,59.0200000,17
20210504,120000,59.0300000,59.0300000,59.0100000,59.0100000,160
20210504,121000,58.9700000,58.9700000,58.9700000,58.9700000,90
20210504,122000,59.0200000,59.0200000,59.0200000,59.0200000,169
20210504,123000,58.9000000,58.9000000,58.9000000,58.9000000,350
20210504,140000,59.3900000,59.3900000,59.3900000,59.3900000,300
20210504,141000,59.4000000,59.4000000,59.4000000,59.4000000,17
20210504,142000,59.4500000,59.4500000,59.4500000,59.4500000,20
20210504,143000,59.5100000,59.5100000,59.3900000,59.3900000,53
20210504,144000,59.4600000,59.4600000,59.4600000,59.4600000,18
20210504,151000,59.0800000,59.0800000,59.0800000,59.0800000,320
20210504,152000,58.9100000,58.9600000,58.9100000,58.9600000,175
20210504,153000,58.9500000,58.9900000,58.9500000,58.9900000,389
20210504,154000,59.0300000,59.0300000,59.0200000,59.0200000,70
20210504,155000,58.9900000,58.9900000,58.9900000,58.9900000,42
20210504,160000,58.9300000,58.9300000,58.9300000,58.9300000,3
20210504,161000,58.8900000,58.8900000,58.8900000,58.8900000,75
20210504,162000,58.9000000,58.9000000,58.9000000,58.9000000,38
20210504,163000,58.8700000,58.8700000,58.8700000,58.8700000,100
20210504,164000,58.8300000,58.8300000,58.8300000,58.8300000,18
20210504,172000,58.8300000,58.8300000,58.8300000,58.8300000,308
20210504,174000,58.8300000,58.8300000,58.8300000,58.8300000,100
20210504,175000,58.8800000,58.8800000,58.7400000,58.7400000,80
20210504,180000,58.7500000,58.7500000,58.7500000,58.7500000,38
20210504,181000,58.9300000,58.9300000,58.9300000,58.9300000,60
20210504,182000,58.9700000,58.9700000,58.8900000,58.8900000,130
20210504,191000,59.1700000,59.1700000,59.1700000,59.1700000,20
20210504,194000,59.0900000,59.0900000,58.6000000,58.6700000,576
20210504,201000,58.5100000,58.5100000,58.5100000,58.5100000,20
20210504,203000,58.7900000,58.7900000,58.7900000,58.7900000,20
20210504,204000,58.7800000,58.7800000,58.5300000,58.5300000,55
20210504,205000,58.8000000,58.8000000,58.8000000,58.8000000,11
20210504,214000,58.6000000,58.6000000,58.5200000,58.5200000,25
20210504,215000,58.8400000,58.8400000,58.8400000,58.8400000,90
20210504,224000,58.7500000,59.0500000,58.7500000,59.0500000,83
20210504,231000,59.0200000,59.0200000,59.0200000,59.0200000,1
20210504,233000,59.0200000,59.0200000,59.0200000,59.0200000,1
20210505,091000,59.2100000,59.3400000,59.2100000,59.3400000,261
20210505,092000,59.3200000,59.3200000,59.3200000,59.3200000,4
20210505,095000,59.0500000,59.0500000,58.7500000,58.9200000,445
20210505,102000,59.0100000,59.0100000,58.8800000,58.8800000,27
20210505,104000,58.8500000,58.8500000,58.8500000,58.8500000,160
20210505,105000,58.9400000,58.9400000,58.9400000,58.9400000,100
20210505,110000,58.8400000,58.8400000,58.8400000,58.8400000,60
20210505,111000,58.9400000,58.9400000,58.9400000,58.9400000,308
20210505,112000,59.1000000,59.1000000,59.1000000,59.1000000,200
20210505,113000,58.9900000,58.9900000,58.9900000,58.9900000,60
20210505,114000,59.0700000,59.0700000,59.0700000,59.0700000,10
20210505,115000,59.0900000,59.0900000,59.0900000,59.0900000,30
20210505,120000,59.1200000,59.1200000,59.1000000,59.1000000,50
20210505,121000,59.0400000,59.0400000,59.0400000,59.0400000,25
20210505,122000,59.0200000,59.0200000,59.0000000,59.0000000,170
20210505,123000,58.9300000,58.9300000,58.9300000,58.9300000,250
20210505,124000,58.9900000,58.9900000,58.9600000,58.9600000,102
20210505,130000,58.8400000,58.8500000,58.8400000,58.8500000,116
20210505,135000,58.9500000,58.9500000,58.9500000,58.9500000,20
20210505,141000,58.8600000,58.8600000,58.8600000,58.8600000,40
20210505,143000,58.8900000,58.8900000,58.8900000,58.8900000,200
20210505,144000,58.9200000,58.9200000,58.9200000,58.9200000,535
20210505,155000,58.9400000,58.9400000,58.9400000,58.9400000,100
20210505,164000,59.0600000,59.0600000,59.0600000,59.0600000,565
20210505,165000,59.0100000,59.0100000,59.0100000,59.0100000,200
20210505,170000,58.9800000,58.9800000,58.9200000,58.9200000,311
20210505,172000,59.1200000,59.1200000,59.1200000,59.1200000,20
20210505,174000,59.0800000,59.0800000,59.0800000,59.0800000,100
20210505,191000,59.1200000,59.1800000,59.1200000,59.1800000,180
20210505,202000,59.2300000,59.2300000,59.2300000,59.2300000,62
20210505,204000,59.1000000,59.1000000,59.1000000,59.1000000,90
20210505,205000,59.0900000,59.0900000,59.0900000,59.0900000,10
20210505,221000,59.0200000,59.0200000,59.0200000,59.0200000,50
20210505,223000,59.0900000,59.0900000,59.0900000,59.0900000,5
20210505,233000,59.0300000,59.0300000,59.0300000,59.0300000,1
20210506,091000,59.0900000,59.4400000,59.0900000,59.2800000,555
20210506,094000,59.4300000,59.4500000,59.4300000,59.4400000,307
20210506,095000,59.5300000,59.5300000,59.5300000,59.5300000,16
20210506,101000,59.3200000,59.5000000,59.2900000,59.5000000,396
20210506,103000,59.4900000,59.4900000,59.4900000,59.4900000,100
20210506,104000,59.4100000,59.4100000,59.4000000,59.4000000,436
20210506,105000,59.4300000,59.4300000,59.4300000,59.4300000,63
20210506,110000,59.5000000,59.5600000,59.4100000,59.4100000,207
20210506,113000,59.3300000,59.3300000,59.3000000,59.3000000,60
20210506,114000,59.4000000,59.4000000,59.4000000,59.4000000,250
20210506,120000,59.3200000,59.3200000,59.3100000,59.3100000,74
20210506,122000,59.3800000,59.3900000,59.3800000,59.3900000,42
20210506,123000,59.1500000,59.1500000,59.1500000,59.1500000,150
20210506,124000,59.2000000,59.2000000,59.0900000,59.1400000,400
20210506,125000,59.1000000,59.1000000,59.1000000,59.1000000,100
20210506,130000,59.0500000,59.0500000,59.0500000,59.0500000,10
20210506,132000,59.1900000,59.1900000,59.1200000,59.1300000,124
20210506,133000,59.1900000,59.1900000,59.1900000,59.1900000,105
20210506,134000,59.1200000,59.1800000,59.1200000,59.1800000,38
20210506,135000,59.1300000,59.1300000,59.1300000,59.1300000,300
20210506,140000,59.1100000,59.1100000,59.0900000,59.0900000,185
20210506,141000,59.1300000,59.1600000,59.1300000,59.1600000,124
20210506,143000,59.1300000,59.1300000,59.0900000,59.0900000,284
20210506,151000,59.0800000,59.0800000,59.0800000,59.0800000,41
20210506,152000,59.0700000,59.0700000,58.9500000,58.9500000,416
20210506,155000,58.9900000,58.9900000,58.8800000,58.8800000,479
20210506,160000,58.8300000,58.8300000,58.8000000,58.8000000,195
20210506,162000,58.7800000,58.8200000,58.7800000,58.8200000,75
20210506,163000,58.8100000,58.8100000,58.8100000,58.8100000,8
20210506,164000,58.7800000,58.7800000,58.7800000,58.7800000,1
20210506,170000,58.7600000,58.7600000,58.7100000,58.7100000,180
20210506,171000,58.7600000,58.7600000,58.7000000,58.7000000,530
20210506,173000,58.7000000,58.7100000,58.7000000,58.7100000,312
20210506,174000,58.7100000,58.7100000,58.6500000,58.6500000,220
20210506,175000,58.6100000,58.6100000,58.6100000,58.6100000,20
20210506,180000,58.7000000,58.7000000,58.7000000,58.7000000,1
20210506,182000,58.7200000,58.7200000,58.7200000,58.7200000,350
20210506,183000,58.6000000,58.7200000,58.6000000,58.7200000,167
20210506,184000,58.9200000,58.9200000,58.9200000,58.9200000,50
20210506,185000,58.9700000,58.9700000,58.9700000,58.9700000,1
20210506,190000,58.9300000,58.9300000,58.9200000,58.9200000,140
20210506,191000,58.9200000,58.9200000,58.9200000,58.9200000,33
20210506,193000,58.9300000,58.9300000,58.9300000,58.9300000,290
20210506,195000,58.9100000,58.9100000,58.9100000,58.9100000,30
20210506,201000,58.9000000,58.9000000,58.5200000,58.5200000,700
20210506,202000,58.5100000,58.8900000,58.5100000,58.8900000,290
20210506,204000,58.8200000,58.8200000,58.8200000,58.8200000,20
20210506,205000,58.8200000,58.8200000,58.8200000,58.8200000,10
20210506,214000,58.9100000,58.9100000,58.9100000,58.9100000,35
20210506,220000,58.9200000,58.9200000,58.9200000,58.9200000,10
20210506,221000,58.8000000,58.8000000,58.8000000,58.8000000,10
20210506,224000,58.8600000,58.8600000,58.8600000,58.8600000,90
20210506,225000,58.9300000,58.9300000,58.8600000,58.8600000,120
20210506,230000,58.9300000,58.9300000,58.9300000,58.9300000,30
20210506,231000,59.0600000,59.0600000,59.0600000,59.0600000,1
20210506,233000,59.0600000,59.0600000,59.0600000,59.0600000,1
20210507,091000,59.1800000,59.1800000,59.1600000,59.1600000,100
20210507,095000,59.1800000,59.1800000,59.0300000,59.0300000,31
20210507,100000,59.0100000,59.1800000,59.0100000,59.1800000,69
20210507,101000,59.2100000,59.2100000,59.2100000,59.2100000,100
20210507,103000,59.0300000,59.0300000,59.0300000,59.0300000,50
20210507,104000,59.0300000,59.0300000,59.0300000,59.0300000,595
20210507,112000,58.7900000,58.7900000,58.7900000,58.7900000,38
20210507,113000,58.8300000,58.9300000,58.7600000,58.9300000,202
20210507,115000,58.9300000,58.9300000,58.9300000,58.9300000,200
20210507,120000,58.8700000,58.8700000,58.8700000,58.8700000,440
20210507,121000,58.9200000,58.9200000,58.9200000,58.9200000,12
20210507,123000,58.8300000,58.8300000,58.8300000,58.8300000,230
20210507,130000,58.9900000,59.0200000,58.9900000,59.0200000,70
20210507,132000,58.9100000,58.9100000,58.9100000,58.9100000,180
20210507,133000,59.0400000,59.0400000,59.0400000,59.0400000,20
20210507,135000,58.9600000,59.0300000,58.9600000,59.0300000,115
20210507,140000,59.1000000,59.1100000,59.1000000,59.1100000,95
20210507,141000,59.2100000,59.2100000,59.1500000,59.1700000,1844
20210507,144000,59.1900000,59.2000000,59.1900000,59.2000000,652
20210507,151000,59.1700000,59.2100000,59.1100000,59.2100000,1202
20210507,152000,59.1800000,59.2200000,59.1800000,59.2200000,350
20210507,153000,59.1700000,59.1700000,59.1700000,59.1700000,80
20210507,154000,59.0700000,59.0700000,59.0700000,59.0700000,85
20210507,155000,59.0000000,59.0000000,59.0000000,59.0000000,300
20210507,160000,59.1200000,59.1200000,59.1200000,59.1200000,500
20210507,161000,59.0800000,59.0800000,58.9900000,58.9900000,244
20210507,162000,58.9600000,58.9600000,58.9600000,58.9600000,110
20210507,164000,59.0200000,59.1800000,59.0200000,59.1800000,370
20210507,165000,59.0900000,59.0900000,59.0900000,59.0900000,41
20210507,171000,58.9800000,58.9800000,58.9800000,58.9800000,100
20210507,172000,59.1300000,59.1300000,59.1300000,59.1300000,56
20210507,174000,59.2200000,59.2200000,59.2200000,59.2200000,16
20210507,181000,59.1400000,59.1400000,59.0500000,59.0500000,105
20210507,183000,59.1900000,59.1900000,59.1900000,59.1900000,20
20210507,190000,59.2500000,59.2500000,59.2400000,59.2400000,59
20210507,195000,59.1400000,59.1400000,59.1400000,59.1400000,55
20210507,202000,59.1500000,59.1500000,59.1500000,59.1500000,10
20210507,213000,59.1500000,59.1500000,59.1500000,59.1500000,90
20210507,222000,59.1400000,59.1400000,59.1400000,59.1400000,14
20210507,224000,59.0600000,59.0600000,59.0600000,59.0600000,40
20210507,231000,59.1000000,59.1000000,59.1000000,59.1000000,1
20210507,233000,59.1000000,59.1000000,59.1000000,59.1000000,1
20210510,091000,58.1000000,58.1000000,58.1000000,58.1000000,492
20210510,092000,58.1000000,58.1000000,57.8000000,57.8000000,182
20210510,093000,57.8000000,57.8000000,57.8000000,57.8000000,115
20210510,094000,57.8000000,57.8000000,57.7000000,57.7000000,202
20210510,095000,58.0000000,58.0800000,57.8000000,57.8000000,349
20210510,100000,57.7000000,57.9000000,57.6500000,57.9000000,230
20210510,101000,57.2800000,57.4500000,57.2700000,57.2700000,1080
20210510,102000,57.2900000,57.2900000,57.2200000,57.2500000,74
20210510,103000,57.1500000,57.1500000,57.1000000,57.1000000,1112
20210510,104000,57.1500000,57.1500000,57.1500000,57.1500000,130
20210510,105000,57.1300000,57.1500000,57.1000000,57.1500000,143
20210510,110000,57.1200000,57.1200000,56.9700000,56.9700000,103
20210510,111000,57.0500000,57.1000000,57.0500000,57.1000000,221
20210510,112000,57.1500000,57.1500000,56.9600000,56.9600000,379
20210510,113000,57.0000000,57.0400000,57.0000000,57.0400000,140
20210510,114000,57.0400000,57.0400000,56.9800000,56.9800000,205
20210510,115000,56.9700000,57.0000000,56.9500000,57.0000000,470
20210510,120000,57.0000000,57.0000000,56.9700000,56.9700000,347
20210510,121000,56.9200000,56.9200000,56.8000000,56.8000000,1105
20210510,122000,56.8700000,56.8700000,56.8700000,56.8700000,251
20210510,123000,56.8000000,56.8000000,56.7700000,56.8000000,705
20210510,124000,56.7900000,56.7900000,56.7900000,56.7900000,92
20210510,125000,56.7400000,56.7900000,56.7400000,56.7900000,150
20210510,130000,56.7300000,56.7400000,56.7300000,56.7300000,236
20210510,131000,56.7600000,56.7600000,56.7400000,56.7500000,170
20210510,132000,56.7400000,56.7500000,56.7400000,56.7500000,390
20210510,133000,56.8200000,56.8200000,56.8200000,56.8200000,10
20210510,134000,56.6300000,56.6300000,56.5600000,56.5600000,481
20210510,135000,56.6900000,56.6900000,56.6700000,56.6700000,676
20210510,140000,56.6300000,56.6300000,56.6300000,56.6300000,30
20210510,141000,56.6400000,56.6400000,56.6400000,56.6400000,52
20210510,142000,56.7500000,56.7500000,56.7400000,56.7500000,635
20210510,144000,56.8500000,56.8500000,56.8500000,56.8500000,88
20210510,150000,56.7700000,56.7700000,56.7400000,56.7500000,1840
20210510,151000,56.8100000,56.8100000,56.8100000,56.8100000,50
20210510,152000,56.8800000,56.9100000,56.8800000,56.9100000,50
20210510,153000,56.8500000,56.8600000,56.8500000,56.8600000,562
20210510,154000,56.8600000,56.8600000,56.8600000,56.8600000,8
20210510,155000,56.8800000,56.9300000,56.8800000,56.8900000,235
20210510,160000,56.8600000,56.8600000,56.7500000,56.7500000,200
20210510,161000,56.7800000,56.7800000,56.7500000,56.7500000,350
20210510,162000,56.7800000,56.8100000,56.7800000,56.8100000,1000
20210510,164000,56.8400000,56.8400000,56.8000000,56.8000000,201
20210510,165000,56.7800000,56.7800000,56.7800000,56.7800000,5
20210510,170000,56.8400000,56.8400000,56.8400000,56.8400000,87
20210510,171000,56.8500000,56.8900000,56.8500000,56.8900000,408
20210510,172000,56.8700000,56.8700000,56.8700000,56.8700000,10
20210510,173000,56.9300000,56.9300000,56.9000000,56.9000000,55
20210510,174000,57.0000000,57.0200000,57.0000000,57.0200000,254
20210510,175000,57.0000000,57.1900000,57.0000000,57.1100000,264
20210510,180000,57.1700000,57.1700000,57.1700000,57.1700000,352
20210510,181000,57.1200000,57.1300000,57.1200000,57.1300000,150
20210510,182000,57.3100000,57.3100000,57.3100000,57.3100000,20
20210510,184000,57.6600000,57.6600000,57.6600000,57.6600000,10
20210510,185000,57.6200000,57.6200000,57.6200000,57.6200000,10
20210510,191000,57.4600000,57.4600000,57.4600000,57.4600000,40
20210510,194000,57.5700000,57.5700000,57.5700000,57.5700000,30
20210510,201000,57.5600000,57.5600000,57.4200000,57.4200000,100
20210510,205000,57.5600000,57.5600000,57.5600000,57.5600000,30
20210510,211000,57.4000000,57.4000000,57.4000000,57.4000000,10
20210510,212000,57.4500000,57.4500000,57.4500000,57.4500000,95
20210510,213000,57.5600000,57.5600000,57.5600000,57.5600000,52
20210510,214000,57.5000000,57.5000000,57.5000000,57.5000000,95
20210510,215000,57.6600000,57.6600000,57.3600000,57.3600000,19
20210510,225000,57.5900000,57.5900000,57.5900000,57.5900000,30
20210510,230000,57.2700000,57.2700000,57.2700000,57.2700000,23
20210510,231000,57.3300000,57.3300000,57.3300000,57.3300000,1
20210510,233000,57.3300000,57.3300000,57.3300000,57.3300000,1
20210511,091000,57.4800000,57.4800000,57.4800000,57.4800000,76
20210511,095000,57.4800000,57.4800000,57.4800000,57.4800000,50
20210511,101000,57.2800000,57.2800000,57.1600000,57.1600000,1214
20210511,102000,56.8800000,56.8800000,56.8800000,56.8800000,13
20210511,103000,56.7900000,56.7900000,56.7900000,56.7900000,620
20210511,104000,56.7100000,56.7100000,56.7100000,56.7100000,176
20210511,105000,56.5900000,56.5900000,56.5900000,56.5900000,18
20210511,110000,56.6300000,56.6300000,56.4300000,56.4700000,559
20210511,111000,56.3500000,56.4300000,56.3500000,56.4300000,238
20210511,113000,56.4900000,56.4900000,56.4900000,56.4900000,25
20210511,114000,56.5300000,56.5300000,56.5200000,56.5200000,82
20210511,122000,56.3100000,56.3200000,56.3100000,56.3200000,267
20210511,123000,56.3500000,56.3500000,56.3400000,56.3400000,175
20210511,124000,56.2900000,56.2900000,56.2200000,56.2200000,100
20210511,125000,56.1800000,56.1800000,56.1800000,56.1800000,42
20210511,130000,56.3000000,56.3400000,56.3000000,56.3400000,247
20210511,131000,56.2500000,56.2500000,56.2500000,56.2500000,25
20210511,132000,56.2300000,56.2300000,56.2300000,56.2300000,600
20210511,133000,56.2300000,56.2800000,56.2300000,56.2800000,272
20210511,134000,56.1100000,56.1100000,56.1100000,56.1100000,60
20210511,135000,56.1100000,56.1100000,56.1100000,56.1100000,100
20210511,141000,56.1900000,56.1900000,56.1900000,56.1900000,175
20210511,143000,56.2300000,56.2300000,56.2300000,56.2300000,177
20210511,145000,56.3300000,56.3300000,56.2600000,56.2600000,242
20210511,151000,56.1000000,56.1000000,56.1000000,56.1000000,10
20210511,152000,56.1300000,56.1300000,56.0900000,56.0900000,159
20210511,153000,56.0600000,56.0600000,56.0600000,56.0600000,20
20210511,155000,56.2100000,56.2100000,56.2100000,56.2100000,10
20210511,161000,56.2100000,56.2100000,56.1700000,56.1700000,110
20210511,162000,56.2500000,56.3200000,56.2500000,56.3200000,39
20210511,165000,56.3800000,56.3800000,56.3800000,56.3800000,180
20210511,170000,56.2400000,56.2400000,56.2400000,56.2400000,177
20210511,172000,56.3200000,56.3200000,56.3200000,56.3200000,4
20210511,173000,56.2200000,56.2500000,56.2200000,56.2300000,388
20210511,174000,56.1500000,56.1500000,56.1500000,56.1500000,20
20210511,175000,56.0700000,56.1600000,56.0700000,56.1600000,1610
20210511,180000,56.1700000,56.1700000,56.0900000,56.0900000,300
20210511,181000,56.0800000,56.0800000,55.9700000,55.9700000,1721
20210511,182000,55.9600000,55.9600000,55.7600000,55.7600000,338
20210511,183000,55.8300000,55.8300000,55.8200000,55.8200000,47
20210511,184000,55.8900000,55.9200000,55.8900000,55.9200000,130
20210511,185000,55.9000000,55.9000000,55.9000000,55.9000000,50
20210511,190000,55.8700000,55.8700000,55.8700000,55.8700000,7
20210511,191000,55.8800000,56.0200000,55.8800000,56.0200000,215
20210511,194000,55.9200000,55.9200000,55.9200000,55.9200000,40
20210511,195000,55.8500000,55.8500000,55.8500000,55.8500000,55
20210511,200000,55.8100000,55.8100000,55.8100000,55.8100000,20
20210511,203000,55.9400000,56.0100000,55.9400000,56.0100000,257
20210511,205000,56.0800000,56.0800000,56.0800000,56.0800000,95
20210511,210000,56.2100000,56.9400000,56.1400000,56.6400000,753
20210511,212000,56.5100000,56.5100000,56.5100000,56.5100000,10
20210511,220000,56.4200000,56.4200000,56.4200000,56.4200000,9
20210511,223000,56.6400000,56.6400000,56.6400000,56.6400000,10
20210511,225000,56.4900000,56.4900000,56.4900000,56.4900000,18
20210511,231000,56.5300000,56.5300000,56.5300000,56.5300000,1
20210511,233000,56.5300000,56.5300000,56.5300000,56.5300000,1
20210512,091000,56.3300000,56.3400000,56.3200000,56.3200000,245
20210512,092000,56.3200000,56.3200000,56.3100000,56.3100000,285
20210512,093000,56.5100000,56.5100000,56.5100000,56.5100000,18
20210512,095000,56.3000000,56.5000000,56.3000000,56.4900000,365
20210512,100000,56.4300000,56.4300000,56.4300000,56.4300000,95
20210512,101000,56.0700000,56.0700000,56.0700000,56.0700000,600
20210512,102000,56.0100000,56.0100000,55.9900000,55.9900000,128
20210512,103000,56.0000000,56.0000000,56.0000000,56.0000000,50
20210512,105000,56.0600000,56.1500000,56.0600000,56.1400000,224
20210512,110000,56.3700000,56.3700000,56.3700000,56.3700000,12
20210512,112000,56.2600000,56.2600000,56.2600000,56.2600000,180
20210512,113000,56.2800000,56.2800000,56.1800000,56.1800000,223
20210512,114000,56.1600000,56.1600000,56.1600000,56.1600000,188
20210512,115000,56.3400000,56.3400000,56.3400000,56.3400000,170
20210512,120000,56.3800000,56.5000000,56.3800000,56.5000000,153
20210512,122000,56.4200000,56.4200000,56.4200000,56.4200000,10
20210512,123000,56.4400000,56.4400000,56.3400000,56.3400000,132
20210512,124000,56.3400000,56.4100000,56.3400000,56.4100000,160
20210512,131000,56.5600000,56.5600000,56.5200000,56.5200000,44
20210512,132000,56.5000000,56.5000000,56.5000000,56.5000000,50
20210512,133000,56.4700000,56.4700000,56.4600000,56.4600000,68
20210512,134000,56.5100000,56.5100000,56.5100000,56.5100000,9
20210512,140000,56.3200000,56.3200000,56.2600000,56.2800000,414
20210512,141000,56.3100000,56.3100000,56.3100000,56.3100000,60
20210512,143000,56.3300000,56.3300000,56.3000000,56.3000000,120
20210512,150000,56.3600000,56.3600000,56.3600000,56.3600000,266
20210512,153000,56.6100000,56.6100000,56.6100000,56.6100000,28
20210512,161000,56.7300000,56.7300000,56.7100000,56.7100000,30
20210512,164000,56.6400000,56.6400000,56.6400000,56.6400000,220
20210512,171000,56.7700000,56.7700000,56.7700000,56.7700000,150
20210512,172000,56.8700000,56.8700000,56.8700000,56.8700000,25
20210512,173000,56.9300000,56.9300000,56.9300000,56.9300000,65
20210512,181000,56.9400000,56.9400000,56.9400000,56.9400000,8
20210512,182000,56.7800000,56.7800000,56.7800000,56.7800000,45
20210512,183000,56.8200000,56.8200000,56.7700000,56.7700000,52
20210512,184000,56.8300000,57.1900000,56.8300000,57.1900000,552
20210512,185000,57.2000000,57.2000000,57.2000000,57.2000000,10
20210512,190000,57.0200000,57.0200000,57.0200000,57.0200000,20
20210512,191000,56.9300000,56.9300000,56.7200000,56.7200000,225
20210512,192000,56.8200000,56.8300000,56.8200000,56.8300000,115
20210512,193000,56.9500000,56.9500000,56.7200000,56.7200000,370
20210512,200000,56.8700000,57.0900000,56.8700000,57.0900000,165
20210512,201000,56.9800000,56.9800000,56.9600000,56.9600000,65
20210512,202000,57.1000000,57.1000000,56.7900000,56.7900000,446
20210512,203000,56.9100000,56.9100000,56.9100000,56.9100000,83
20210512,204000,56.8600000,56.8600000,56.7400000,56.7400000,42
20210512,213000,56.6200000,56.6200000,56.6200000,56.6200000,10
20210512,215000,56.6600000,56.6600000,56.6600000,56.6600000,25
20210512,224000,56.4400000,56.4400000,56.4400000,56.4400000,46
20210512,231000,56.4800000,56.4800000,56.4800000,56.4800000,1
20210512,233000,56.4800000,56.4800000,56.4800000,56.4800000,1
20210513,091000,56.5600000,56.5600000,56.5600000,56.5600000,50
20210513,102000,56.4800000,56.4800000,56.4800000,56.4800000,50
20210513,103000,56.4300000,56.4300000,56.4300000,56.4300000,300
20210513,104000,56.3300000,56.3300000,56.3300000,56.3300000,40
20210513,105000,56.4000000,56.4200000,56.4000000,56.4200000,62
20210513,110000,56.3700000,56.3700000,56.3700000,56.3700000,60
20210513,111000,56.4200000,56.4200000,56.4200000,56.4200000,30
20210513,112000,56.3500000,56.4200000,56.3500000,56.4200000,181
20210513,113000,56.4900000,56.4900000,56.4900000,56.4900000,20
20210513,114000,56.5100000,56.5100000,56.4100000,56.4100000,18
20210513,115000,56.5100000,56.5100000,56.5100000,56.5100000,125
20210513,120000,56.4600000,56.4600000,56.4600000,56.4600000,20
20210513,121000,56.6300000,56.6300000,56.6300000,56.6300000,50
20210513,122000,56.6900000,56.7600000,56.6900000,56.7000000,79
20210513,123000,56.7200000,56.7200000,56.7200000,56.7200000,400
20210513,133000,56.8600000,56.9600000,56.8600000,56.9600000,400
20210513,140000,56.8700000,56.8700000,56.8700000,56.8700000,1000
20210513,142000,56.9600000,56.9600000,56.9600000,56.9600000,2
20210513,143000,56.9800000,56.9800000,56.9800000,56.9800000,50
20210513,151000,56.9200000,56.9200000,56.9200000,56.9200000,16
20210513,152000,57.0000000,57.0000000,57.0000000,57.0000000,120
20210513,154000,57.2000000,57.2000000,57.2000000,57.2000000,625
20210513,155000,57.2000000,57.2100000,57.2000000,57.2100000,427
20210513,161000,57.3000000,57.3000000,57.3000000,57.3000000,50
20210513,163000,57.3000000,57.3000000,57.3000000,57.3000000,400
20210513,164000,57.2400000,57.2400000,57.2000000,57.2000000,205
20210513,172000,57.3200000,57.3400000,57.3200000,57.3400000,600
20210513,174000,57.4900000,57.4900000,57.4900000,57.4900000,90
20210513,175000,57.5000000,57.5000000,57.5000000,57.5000000,200
20210513,180000,57.5300000,57.5300000,57.5300000,57.5300000,10
20210513,181000,57.4800000,57.4800000,57.4600000,57.4600000,200
20210513,182000,57.5300000,57.5700000,57.5300000,57.5700000,105
20210513,195000,57.6100000,57.6100000,57.6100000,57.6100000,90
20210513,204000,57.4000000,57.4000000,57.4000000,57.4000000,40
20210513,205000,57.3900000,57.3900000,57.2200000,57.2200000,128
20210513,210000,57.4100000,57.4100000,57.4000000,57.4000000,210
20210513,211000,57.3800000,57.3800000,57.3800000,57.3800000,1
20210513,233000,57.3800000,57.3800000,57.3800000,57.3800000,1
20210514,091000,57.7100000,57.7100000,56.6600000,57.1800000,564
20210514,092000,57.3100000,57.3100000,57.3100000,57.3100000,90
20210514,094000,57.8400000,57.9900000,57.8400000,57.9900000,140
20210514,095000,57.8900000,57.9900000,57.8400000,57.9300000,335
20210514,101000,57.3700000,57.3700000,57.0500000,57.0500000,471
20210514,102000,56.9900000,57.0000000,56.7900000,56.7900000,376
20210514,103000,56.8700000,56.8700000,56.8700000,56.8700000,60
20210514,104000,56.6100000,56.6100000,56.6100000,56.6100000,20
20210514,105000,56.7100000,56.7100000,56.6400000,56.6400000,290
20210514,110000,56.6300000,56.6300000,56.5200000,56.5200000,111
20210514,111000,56.5700000,56.5700000,56.5700000,56.5700000,8
20210514,112000,56.5200000,56.5200000,56.5200000,56.5200000,48
20210514,113000,56.5600000,56.5600000,56.4700000,56.4700000,135
20210514,114000,56.5300000,56.6300000,56.5300000,56.6300000,288
20210514,115000,56.5700000,56.6000000,56.5400000,56.6000000,651
20210514,120000,56.6600000,56.6600000,56.5800000,56.6600000,625
20210514,121000,56.6000000,56.6000000,56.6000000,56.6000000,100
20210514,122000,56.6700000,56.6700000,56.6400000,56.6400000,265
20210514,123000,56.8200000,56.8200000,56.7700000,56.7700000,139
20210514,131000,56.6600000,56.7100000,56.6600000,56.6600000,227
20210514,132000,56.7100000,56.7100000,56.6600000,56.6600000,36
20210514,133000,56.7400000,56.7400000,56.7000000,56.7000000,190
20210514,134000,56.6000000,56.6000000,56.6000000,56.6000000,40
20210514,135000,56.5800000,56.5800000,56.5800000,56.5800000,1000
20210514,142000,56.6200000,56.6200000,56.6200000,56.6200000,30
20210514,144000,56.6100000,56.6100000,56.6100000,56.6100000,35
20210514,145000,56.7400000,56.7400000,56.7400000,56.7400000,22
20210514,151000,56.7900000,56.8800000,56.7900000,56.8800000,498
20210514,152000,56.8900000,57.0000000,56.8900000,57.0000000,260
20210514,160000,57.1400000,57.2700000,57.1400000,57.2700000,80
20210514,161000,57.2800000,57.3600000,57.2800000,57.3600000,84
20210514,162000,57.3500000,57.4400000,57.3500000,57.4400000,263
20210514,164000,57.4500000,57.4500000,57.4500000,57.4500000,200
20210514,170000,57.5600000,57.5600000,57.5600000,57.5600000,40
20210514,171000,57.6000000,57.6000000,57.5300000,57.5300000,127
20210514,174000,57.6000000,57.6000000,57.6000000,57.6000000,20
20210514,180000,57.5300000,57.5300000,57.5300000,57.5300000,10
20210514,181000,57.4900000,57.4900000,57.4900000,57.4900000,10
20210514,182000,57.3800000,57.3800000,57.3200000,57.3200000,30
20210514,184000,57.6300000,57.6300000,57.6300000,57.6300000,200
20210514,190000,57.6000000,57.6000000,57.2400000,57.2400000,137
20210514,194000,57.3000000,57.3000000,57.2900000,57.2900000,58
20210514,195000,57.3000000,57.3000000,57.3000000,57.3000000,80
20210514,201000,57.3500000,57.3500000,57.3500000,57.3500000,30
20210514,202000,57.3900000,57.3900000,57.3900000,57.3900000,2
20210514,205000,57.3900000,57.4000000,57.3900000,57.4000000,195
20210514,210000,57.3600000,57.3600000,57.3600000,57.3600000,85
20210514,211000,57.4000000,57.4000000,57.4000000,57.4000000,15
20210514,212000,57.4100000,57.4100000,57.2900000,57.2900000,375
20210514,213000,57.2900000,57.5500000,57.2900000,57.5500000,446
20210514,224000,57.3900000,57.3900000,57.3900000,57.3900000,49
20210514,225000,57.5700000,57.5700000,57.4000000,57.4000000,30
20210514,230000,57.4600000,57.5900000,57.4600000,57.5900000,110
20210514,231000,57.4500000,57.4500000,57.4500000,57.4500000,1
20210514,233000,57.4500000,57.4500000,57.4500000,57.4500000,1
20210517,091000,57.2600000,57.4200000,57.2500000,57.3200000,852
20210517,092000,57.3100000,57.3100000,57.3100000,57.3100000,435
20210517,093000,57.2500000,57.2500000,57.2500000,57.2500000,43
20210517,094000,57.3700000,57.3700000,57.3700000,57.3700000,55
20210517,101000,57.7300000,57.8500000,57.7300000,57.8500000,817
20210517,102000,58.0000000,58.0200000,58.0000000,58.0200000,470
20210517,103000,57.9500000,57.9500000,57.9500000,57.9500000,40
20210517,104000,58.1700000,58.1800000,58.0800000,58.0800000,132
20210517,111000,58.1300000,58.1400000,58.0500000,58.0500000,110
20210517,112000,58.1300000,58.1400000,58.1300000,58.1400000,548
20210517,113000,58.1700000,58.1700000,58.1700000,58.1700000,1200
20210517,114000,58.1100000,58.1100000,58.1100000,58.1100000,1
20210517,115000,58.1400000,58.1400000,58.1300000,58.1300000,230
20210517,120000,58.1800000,58.1800000,58.1800000,58.1800000,400
20210517,121000,58.1300000,58.1500000,58.0000000,58.0000000,131
20210517,122000,58.1300000,58.1300000,58.1300000,58.1300000,238
20210517,123000,58.0800000,58.1600000,58.0800000,58.1600000,467
20210517,124000,58.1700000,58.2500000,58.1700000,58.2500000,40
20210517,125000,58.2000000,58.2200000,58.2000000,58.2200000,17
20210517,130000,58.2400000,58.2400000,58.2400000,58.2400000,166
20210517,133000,58.1400000,58.1400000,58.1400000,58.1400000,100
20210517,135000,58.1900000,58.2300000,58.1900000,58.2300000,260
20210517,142000,58.3500000,58.3600000,58.3500000,58.3600000,88
20210517,144000,58.4100000,58.4100000,58.4100000,58.4100000,17
20210517,145000,58.4100000,58.4100000,58.4100000,58.4100000,35
20210517,150000,58.3800000,58.3800000,58.3800000,58.3800000,17
20210517,152000,58.3700000,58.3700000,58.3700000,58.3700000,13
20210517,153000,58.4000000,58.4000000,58.4000000,58.4000000,55
20210517,154000,58.4800000,58.6000000,58.4800000,58.6000000,854
20210517,155000,58.6000000,58.6000000,58.6000000,58.6000000,15
20210517,160000,58.5000000,58.5000000,58.5000000,58.5000000,2
20210517,163000,58.5000000,58.5000000,58.5000000,58.5000000,82
20210517,165000,58.4700000,58.4900000,58.4700000,58.4900000,49
20210517,170000,58.6000000,58.6000000,58.6000000,58.6000000,18
20210517,171000,58.6600000,58.6600000,58.6600000,58.6600000,320
20210517,173000,58.6200000,58.6200000,58.6200000,58.6200000,20
20210517,181000,58.4300000,58.4300000,58.4300000,58.4300000,15
20210517,182000,58.3800000,58.3800000,58.3800000,58.3800000,30
20210517,184000,58.3700000,58.3700000,58.3700000,58.3700000,50
20210517,185000,58.1400000,58.1400000,58.1400000,58.1400000,170
20210517,191000,58.1600000,58.1900000,58.1600000,58.1900000,102
20210517,192000,57.9700000,57.9700000,57.9700000,57.9700000,25
20210517,193000,58.0300000,58.1800000,58.0300000,58.1800000,73
20210517,195000,58.1800000,58.1800000,58.1800000,58.1800000,30
20210517,202000,58.0300000,58.0300000,58.0200000,58.0200000,58
20210517,203000,58.1600000,58.1600000,58.1600000,58.1600000,20
20210517,205000,58.0200000,58.0200000,58.0200000,58.0200000,60
20210517,211000,58.1700000,58.1700000,58.1700000,58.1700000,15
20210517,212000,58.1800000,58.2900000,58.1800000,58.2700000,420
20210517,213000,58.3700000,58.3700000,58.3700000,58.3700000,30
20210517,220000,58.4000000,58.4000000,58.4000000,58.4000000,6
20210517,224000,58.2500000,58.2500000,58.2500000,58.2500000,50
20210517,231000,58.3400000,58.3400000,58.3400000,58.3400000,1
20210517,233000,58.3400000,58.3400000,58.3400000,58.3400000,1
20210518,091000,58.3400000,58.3400000,58.3400000,58.3400000,50
20210518,093000,58.4000000,58.4000000,58.2500000,58.3000000,270
20210518,094000,58.3300000,58.4500000,58.3300000,58.4500000,250
20210518,101000,58.5000000,58.5000000,58.5000000,58.5000000,50
20210518,102000,58.5100000,58.5100000,58.5100000,58.5100000,115
20210518,103000,58.7400000,58.7400000,58.4600000,58.4600000,243
20210518,104000,58.3800000,58.3800000,58.3800000,58.3800000,46
20210518,111000,58.1600000,58.1600000,58.1000000,58.1000000,515
20210518,113000,58.0100000,58.0100000,58.0100000,58.0100000,310
20210518,114000,57.9500000,58.0000000,57.9500000,58.0000000,52
20210518,121000,57.8400000,57.8400000,57.8400000,57.8400000,30
20210518,122000,57.8400000,57.8400000,57.8000000,57.8000000,200
20210518,123000,58.0100000,58.0100000,58.0100000,58.0100000,3
20210518,125000,58.0000000,58.0000000,58.0000000,58.0000000,10
20210518,130000,57.9300000,57.9300000,57.8900000,57.8900000,125
20210518,133000,58.0100000,58.0100000,58.0100000,58.0100000,200
20210518,142000,58.0100000,58.0100000,57.9500000,57.9500000,70
20210518,144000,58.0500000,58.0500000,57.9800000,58.0200000,252
20210518,145000,58.0700000,58.0700000,58.0700000,58.0700000,40
20210518,150000,58.0600000,58.0600000,58.0600000,58.0600000,35
20210518,153000,58.0300000,58.0400000,58.0300000,58.0400000,1020
20210518,160000,58.0600000,58.0600000,58.0300000,58.0300000,598
20210518,161000,58.0300000,58.0300000,58.0300000,58.0300000,15
20210518,162000,57.9400000,57.9400000,57.9400000,57.9400000,14
20210518,163000,57.9300000,57.9700000,57.9300000,57.9700000,628
20210518,164000,57.9800000,57.9800000,57.9800000,57.9800000,1
20210518,171000,57.9100000,57.9100000,57.9100000,57.9100000,100
20210518,174000,57.9800000,57.9800000,57.9800000,57.9800000,10
20210518,181000,58.1200000,58.1200000,58.1100000,58.1100000,80
20210518,182000,58.1900000,58.1900000,58.1900000,58.1900000,86
20210518,183000,58.1900000,58.2000000,58.1900000,58.2000000,185
20210518,185000,57.9500000,57.9500000,57.7600000,57.7600000,260
20210518,190000,57.9400000,58.0400000,57.9400000,58.0400000,180
20210518,192000,58.0000000,58.0000000,58.0000000,58.0000000,100
20210518,193000,58.1300000,58.1300000,58.1300000,58.1300000,110
20210518,194000,58.1200000,58.1200000,58.1200000,58.1200000,10
20210518,203000,58.1400000,58.1400000,58.0200000,58.0200000,410
20210518,204000,58.1700000,58.1700000,58.1700000,58.1700000,30
20210518,210000,57.9900000,57.9900000,57.9900000,57.9900000,35
20210518,211000,57.9800000,57.9800000,57.9800000,57.9800000,4
20210518,213000,58.1200000,58.1200000,57.9400000,57.9400000,55
20210518,215000,57.8700000,57.8700000,57.8700000,57.8700000,40
20210518,223000,58.1100000,58.1100000,57.9400000,57.9400000,45
20210518,231000,57.7800000,57.7800000,57.7800000,57.7800000,1
20210518,233000,57.7800000,57.7800000,57.7800000,57.7800000,1
20210519,091000,57.5900000,57.7300000,57.5900000,57.7300000,232
20210519,094000,57.6000000,57.6000000,57.6000000,57.6000000,30
20210519,100000,57.6300000,57.6300000,57.3300000,57.3300000,530
20210519,102000,58.0600000,58.1000000,58.0600000,58.0800000,2600
20210519,103000,58.0000000,58.0000000,57.9900000,57.9900000,1585
20210519,104000,57.8600000,57.8600000,57.8600000,57.8600000,26
20210519,105000,57.8200000,57.8200000,57.8200000,57.8200000,30
20210519,110000,57.6900000,57.6900000,57.6900000,57.6900000,55
20210519,111000,57.8000000,57.8000000,57.8000000,57.8000000,100
20210519,112000,57.7700000,57.7700000,57.7700000,57.7700000,3
20210519,113000,57.8600000,57.8600000,57.8600000,57.8600000,60
20210519,115000,57.9800000,57.9800000,57.9800000,57.9800000,62
20210519,120000,57.9200000,57.9200000,57.9200000,57.9200000,40
20210519,121000,58.0200000,58.0500000,58.0200000,58.0300000,380
20210519,123000,58.2500000,58.3200000,58.2500000,58.2500000,305
20210519,124000,58.2700000,58.2700000,58.2200000,58.2200000,375
20210519,132000,58.0500000,58.0500000,58.0500000,58.0500000,100
20210519,133000,58.0300000,58.0300000,58.0300000,58.0300000,725
20210519,135000,58.0900000,58.0900000,58.0900000,58.0900000,50
20210519,142000,58.1000000,58.1000000,58.1000000,58.1000000,8
20210519,151000,57.9400000,57.9400000,57.9400000,57.9400000,7
20210519,152000,58.1500000,58.1500000,58.1500000,58.1500000,50
20210519,154000,58.2000000,58.2000000,58.0900000,58.0900000,585
20210519,155000,58.0600000,58.0600000,58.0600000,58.0600000,16
20210519,163000,58.0800000,58.0900000,58.0800000,58.0900000,22
20210519,164000,57.9500000,58.0600000,57.9500000,57.9900000,2470
20210519,165000,58.0900000,58.0900000,58.0900000,58.0900000,230
20210519,172000,57.9000000,57.9000000,57.9000000,57.9000000,9
20210519,173000,57.9100000,58.0900000,57.9100000,58.0900000,30
20210519,174000,58.0600000,58.0600000,58.0600000,58.0600000,35
20210519,175000,58.0400000,58.0400000,58.0400000,58.0400000,37
20210519,181000,58.2000000,58.2000000,58.2000000,58.2000000,27
20210519,183000,58.2100000,58.2100000,58.2100000,58.2100000,1
20210519,192000,58.5300000,58.6800000,58.5300000,58.6800000,100
20210519,193000,58.7100000,58.7100000,58.7100000,58.7100000,70
20210519,195000,58.5800000,58.5800000,58.5800000,58.5800000,50
20210519,200000,58.6100000,58.7200000,58.6100000,58.7200000,190
20210519,201000,58.6000000,58.6000000,58.6000000,58.6000000,12
20210519,202000,58.6300000,58.8200000,58.6300000,58.8200000,94
20210519,210000,58.6000000,58.6000000,58.6000000,58.6000000,38
20210519,220000,58.4000000,58.4000000,58.3700000,58.3700000,100
20210519,221000,58.3100000,58.4700000,58.3100000,58.3900000,210
20210519,231000,58.7500000,58.7500000,58.7500000,58.7500000,1
20210519,233000,58.7500000,58.7500000,58.7500000,58.7500000,1
20210520,091000,58.6200000,58.8000000,58.6200000,58.8000000,100
20210520,092000,58.8000000,58.8000000,58.8000000,58.8000000,45
20210520,093000,58.7700000,58.7700000,58.7700000,58.7700000,10
20210520,094000,58.7700000,58.7700000,58.7700000,58.7700000,30
20210520,095000,58.5900000,58.5900000,58.4400000,58.4400000,198
20210520,100000,58.5400000,58.5400000,58.5400000,58.5400000,90
20210520,101000,58.8200000,59.0000000,58.8200000,59.0000000,1853
20210520,102000,58.9600000,58.9600000,58.9600000,58.9600000,2
20210520,103000,58.9900000,59.0600000,58.9900000,59.0600000,219
20210520,104000,59.0300000,59.0300000,59.0300000,59.0300000,1
20210520,105000,58.7300000,58.7300000,58.7300000,58.7300000,350
20210520,110000,58.6600000,58.6600000,58.6600000,58.6600000,33
20210520,111000,58.7900000,58.7900000,58.7900000,58.7900000,85
20210520,112000,58.9000000,58.9100000,58.9000000,58.9100000,127
20210520,114000,59.1000000,59.1100000,59.1000000,59.1000000,140
20210520,115000,59.1000000,59.1400000,59.1000000,59.1400000,264
20210520,120000,59.0800000,59.0800000,59.0800000,59.0800000,10
20210520,121000,59.0800000,59.0800000,59.0800000,59.0800000,1
20210520,122000,59.0900000,59.1700000,59.0900000,59.1700000,85
20210520,123000,59.1600000,59.1600000,59.1300000,59.1300000,211
20210520,124000,59.1800000,59.3000000,59.1800000,59.3000000,643
20210520,125000,59.3100000,59.3100000,59.3100000,59.3100000,382
20210520,130000,59.2900000,59.2900000,59.2300000,59.2300000,367
20210520,131000,59.3600000,59.3600000,59.3600000,59.3600000,590
20210520,132000,59.3600000,59.4200000,59.3600000,59.4200000,710
20210520,133000,59.4200000,59.4800000,59.3900000,59.3900000,557
20210520,134000,59.4500000,59.5400000,59.4500000,59.5000000,205
20210520,135000,59.5400000,59.5400000,59.5400000,59.5400000,15
20210520,140000,59.5200000,59.5200000,59.4600000,59.4600000,511
20210520,143000,59.5400000,59.5400000,59.5400000,59.5400000,220
20210520,144000,59.5300000,59.5500000,59.5200000,59.5500000,625
20210520,145000,59.5400000,59.5400000,59.5200000,59.5200000,185
20210520,150000,59.5300000,59.6500000,59.5300000,59.6500000,522
20210520,151000,59.6500000,59.6500000,59.6500000,59.6500000,26
20210520,152000,59.7100000,59.7100000,59.5800000,59.5800000,1836
20210520,154000,59.5900000,59.5900000,59.5900000,59.5900000,200
20210520,160000,59.5800000,59.5800000,59.5800000,59.5800000,300
20210520,163000,59.5200000,59.5200000,59.5200000,59.5200000,40
20210520,164000,59.5300000,59.5700000,59.5300000,59.5700000,24
20210520,165000,59.4800000,59.4800000,59.4800000,59.4800000,11
20210520,173000,59.6700000,59.6900000,59.6700000,59.6900000,318
20210520,174000,59.6200000,59.6200000,59.6200000,59.6200000,50
20210520,181000,59.5800000,59.5800000,59.5800000,59.5800000,200
20210520,183000,59.7000000,59.7900000,59.7000000,59.7900000,40
20210520,184000,59.9900000,59.9900000,59.9900000,59.9900000,45
20210520,185000,59.7600000,59.7600000,59.7600000,59.7600000,50
20210520,190000,59.9700000,59.9700000,59.9700000,59.9700000,20
20210520,192000,59.6600000,59.6600000,59.6600000,59.6600000,44
20210520,193000,59.8200000,59.8200000,59.8200000,59.8200000,90
20210520,200000,59.8500000,59.8500000,59.8500000,59.8500000,100
20210520,201000,59.8800000,59.8800000,59.8800000,59.8800000,35
20210520,202000,59.7500000,59.7500000,59.7500000,59.7500000,4
20210520,203000,59.7500000,59.8200000,59.6400000,59.8200000,241
20210520,204000,59.8200000,59.8200000,59.6600000,59.6600000,150
20210520,210000,59.6400000,59.6400000,59.6400000,59.6400000,90
20210520,211000,59.5900000,59.6000000,59.5900000,59.6000000,370
20210520,212000,59.5500000,59.5500000,59.5500000,59.5500000,50
20210520,213000,59.5400000,59.5400000,59.5400000,59.5400000,30
20210520,215000,59.7300000,59.7300000,59.7300000,59.7300000,17
20210520,230000,59.6500000,59.6500000,59.6500000,59.6500000,2
20210520,231000,59.5800000,59.5800000,59.5800000,59.5800000,1
20210520,233000,59.5800000,59.5800000,59.5800000,59.5800000,1
20210521,091000,59.7400000,59.7400000,59.7400000,59.7400000,41
20210521,094000,59.7700000,59.7700000,59.7700000,59.7700000,50
20210521,095000,59.6000000,59.6000000,59.6000000,59.6000000,2
20210521,101000,60.1900000,60.2500000,60.1900000,60.2500000,2026
20210521,102000,60.1000000,60.2200000,60.0600000,60.2200000,142
20210521,104000,60.2200000,60.2600000,60.2200000,60.2600000,100
20210521,105000,60.2900000,60.2900000,60.2900000,60.2900000,40
20210521,110000,60.2800000,60.2800000,60.2800000,60.2800000,85
20210521,111000,60.2100000,60.2100000,60.2100000,60.2100000,25
20210521,113000,60.2700000,60.2700000,60.2600000,60.2600000,18
20210521,114000,60.2300000,60.2600000,60.2300000,60.2600000,40
20210521,115000,60.2500000,60.2500000,60.2500000,60.2500000,100
20210521,120000,60.3900000,60.3900000,60.3900000,60.3900000,18
20210521,121000,60.4000000,60.5000000,60.3800000,60.5000000,386
20210521,122000,60.6000000,60.6000000,60.6000000,60.6000000,1008
20210521,123000,60.5800000,60.5800000,60.5300000,60.5300000,190
20210521,130000,60.9000000,60.9000000,60.9000000,60.9000000,255
20210521,131000,60.5700000,60.5700000,60.5700000,60.5700000,9
20210521,132000,60.3700000,60.4600000,60.3700000,60.3900000,580
20210521,134000,60.4000000,60.4000000,60.4000000,60.4000000,50
20210521,135000,60.2500000,60.2500000,60.2500000,60.2500000,13
20210521,140000,60.3300000,60.3300000,60.2800000,60.2800000,67
20210521,141000,60.2800000,60.4600000,60.2800000,60.4600000,1990
20210521,142000,60.4000000,60.4000000,60.4000000,60.4000000,35
20210521,144000,60.2800000,60.2800000,60.2800000,60.2800000,344
20210521,151000,60.3600000,60.4000000,60.3500000,60.4000000,89
20210521,152000,60.4400000,60.4400000,60.4400000,60.4400000,30
20210521,161000,60.3000000,60.3000000,60.3000000,60.3000000,500
20210521,163000,60.2000000,60.2600000,60.2000000,60.2600000,198
20210521,170000,60.4700000,60.4700000,60.4700000,60.4700000,50
20210521,172000,60.5000000,60.5000000,60.5000000,60.5000000,27
20210521,173000,60.6100000,60.6100000,60.6100000,60.6100000,33
20210521,174000,60.4700000,60.4700000,60.4700000,60.4700000,318
20210521,175000,60.5000000,60.5000000,60.5000000,60.5000000,100
20210521,180000,60.4800000,60.4800000,60.4800000,60.4800000,50
20210521,182000,60.5000000,60.5000000,60.5000000,60.5000000,175
20210521,183000,60.5300000,60.5300000,60.5300000,60.5300000,35
20210521,185000,60.6400000,60.6400000,60.6400000,60.6400000,2
20210521,190000,60.4100000,60.4100000,59.7900000,59.9700000,585
20210521,191000,60.1800000,60.4500000,60.1800000,60.3900000,620
20210521,192000,60.3200000,60.3200000,60.3200000,60.3200000,50
20210521,194000,60.4600000,60.4600000,60.4600000,60.4600000,10
20210521,195000,60.4700000,60.4700000,60.4700000,60.4700000,5
20210521,204000,60.2600000,60.3100000,59.7200000,60.3100000,2497
20210521,212000,60.4100000,60.4100000,60.4100000,60.4100000,90
20210521,220000,60.4700000,60.4700000,60.4700000,60.4700000,10
20210521,231000,60.3600000,60.3600000,60.3600000,60.3600000,1
20210521,233000,60.3600000,60.3600000,60.3600000,60.3600000,1
20210524,091000,60.7700000,60.7700000,60.7700000,60.7700000,435
20210524,093000,60.6000000,60.6000000,60.6000000,60.6000000,18
20210524,095000,60.4400000,60.4400000,60.4400000,60.4400000,20
20210524,115000,60.6100000,60.6100000,60.6100000,60.6100000,65
20210524,120000,60.6200000,60.6200000,60.6200000,60.6200000,300
20210524,121000,60.6200000,60.6200000,60.6200000,60.6200000,750
20210524,125000,60.6000000,60.6000000,60.6000000,60.6000000,35
20210524,133000,60.8100000,60.8100000,60.8100000,60.8100000,100
20210524,134000,60.8400000,60.8400000,60.8400000,60.8400000,1
20210524,135000,60.8000000,60.8000000,60.8000000,60.8000000,500
20210524,142000,60.7600000,60.7600000,60.7600000,60.7600000,30
20210524,143000,60.7600000,60.7600000,60.7600000,60.7600000,45
20210524,144000,60.7600000,60.7600000,60.7600000,60.7600000,50
20210524,151000,60.7800000,60.7800000,60.7800000,60.7800000,600
20210524,161000,60.6900000,60.7400000,60.6900000,60.7400000,172
20210524,165000,60.6300000,60.6300000,60.6300000,60.6300000,7
20210524,172000,60.6900000,60.6900000,60.6900000,60.6900000,11
20210524,173000,60.7500000,60.7500000,60.7500000,60.7500000,25
20210524,174000,60.6900000,60.6900000,60.6900000,60.6900000,150
20210524,180000,60.7300000,60.7300000,60.7300000,60.7300000,200
20210524,182000,60.5500000,60.5500000,60.4400000,60.4400000,105
20210524,183000,60.5300000,60.5300000,60.5300000,60.5300000,30
20210524,185000,60.5900000,60.7100000,60.5900000,60.7100000,100
20210524,190000,60.4700000,60.4700000,60.4700000,60.4700000,28
20210524,191000,60.6900000,60.6900000,60.6900000,60.6900000,50
20210524,194000,60.4500000,60.4500000,60.4500000,60.4500000,30
20210524,200000,60.7100000,60.7100000,60.7100000,60.7100000,10
20210524,201000,60.5000000,60.5000000,60.5000000,60.5000000,19
20210524,211000,60.5600000,60.5600000,60.5600000,60.5600000,1
20210524,233000,60.5600000,60.5600000,60.5600000,60.5600000,1
20210525,091000,60.7300000,60.7300000,60.7300000,60.7300000,10
20210525,092000,60.5300000,60.5300000,60.5300000,60.5300000,40
20210525,093000,60.7700000,60.7700000,60.4700000,60.5500000,276
20210525,094000,60.5500000,60.5500000,60.5500000,60.5500000,50
20210525,101000,60.4600000,60.5000000,60.4600000,60.5000000,120
20210525,102000,60.4900000,60.5600000,60.4300000,60.5600000,683
20210525,104000,60.7100000,60.7100000,60.7100000,60.7100000,46
20210525,110000,60.7200000,60.7200000,60.5700000,60.6200000,264
20210525,111000,60.5600000,60.6100000,60.5500000,60.5900000,782
20210525,112000,60.6200000,60.6500000,60.6000000,60.6200000,112
20210525,113000,60.6600000,60.7500000,60.6600000,60.7400000,1830
20210525,114000,60.7200000,60.7700000,60.6600000,60.6600000,812
20210525,115000,60.7600000,60.7600000,60.7600000,60.7600000,290
20210525,120000,60.8200000,60.8300000,60.8200000,60.8300000,70
20210525,122000,60.6400000,60.6400000,60.6400000,60.6400000,10
20210525,123000,60.7600000,60.7600000,60.7600000,60.7600000,100
20210525,124000,60.7400000,60.7600000,60.7000000,60.7000000,138
20210525,125000,60.6600000,60.6600000,60.6600000,60.6600000,100
20210525,130000,60.6500000,60.6500000,60.6500000,60.6500000,300
20210525,132000,60.5500000,60.5500000,60.5000000,60.5000000,50
20210525,133000,60.5300000,60.5300000,60.5300000,60.5300000,175
20210525,135000,60.5700000,60.6100000,60.5700000,60.6100000,90
20210525,140000,60.5900000,60.5900000,60.5900000,60.5900000,10
20210525,142000,60.6400000,60.6400000,60.6400000,60.6400000,150
20210525,144000,60.6200000,60.6200000,60.6200000,60.6200000,10
20210525,145000,60.4700000,60.4800000,60.4700000,60.4800000,201
20210525,150000,60.4700000,60.4700000,60.4300000,60.4300000,395
20210525,154000,60.3800000,60.3800000,60.3800000,60.3800000,75
20210525,155000,60.3700000,60.4200000,60.3700000,60.3700000,944
20210525,160000,60.3900000,60.3900000,60.3900000,60.3900000,42
20210525,161000,60.3800000,60.3800000,60.3800000,60.3800000,190
20210525,163000,60.3900000,60.3900000,60.3900000,60.3900000,300
20210525,165000,60.4200000,60.4200000,60.4200000,60.4200000,25
20210525,172000,60.3600000,60.3600000,60.3600000,60.3600000,2
20210525,175000,60.3100000,60.3600000,60.3100000,60.3600000,106
20210525,180000,60.3700000,60.3700000,60.3700000,60.3700000,85
20210525,182000,60.3300000,60.3500000,60.3300000,60.3500000,111
20210525,185000,60.3000000,60.3000000,60.3000000,60.3000000,50
20210525,191000,60.3400000,60.3400000,60.3400000,60.3400000,20
20210525,193000,60.5900000,60.5900000,60.5900000,60.5900000,50
20210525,195000,60.4100000,60.4300000,60.2600000,60.4300000,116
20210525,201000,60.1800000,60.1800000,60.1100000,60.1100000,160
20210525,203000,60.1100000,60.1100000,60.1100000,60.1100000,33
20210525,205000,60.2500000,60.2500000,60.2500000,60.2500000,10
20210525,211000,60.2000000,60.2000000,60.2000000,60.2000000,90
20210525,220000,60.2800000,60.2800000,60.2800000,60.2800000,30
20210525,230000,60.1100000,60.1100000,60.1100000,60.1100000,30
20210525,231000,60.1500000,60.1500000,60.1500000,60.1500000,1
20210525,233000,60.1500000,60.1500000,60.1500000,60.1500000,1
20210526,091000,60.1800000,60.1800000,59.3000000,59.3000000,1345
20210526,092000,59.6000000,59.6000000,59.6000000,59.6000000,120
20210526,093000,59.6800000,59.8000000,59.6800000,59.8000000,100
20210526,094000,59.8000000,59.8000000,59.8000000,59.8000000,83
20210526,100000,59.7000000,59.7000000,59.7000000,59.7000000,84
20210526,101000,59.5200000,59.8400000,59.5200000,59.8400000,20
20210526,102000,59.4000000,59.4300000,59.4000000,59.4300000,852
20210526,103000,59.4200000,59.6200000,59.4200000,59.6200000,252
20210526,105000,59.9100000,59.9500000,59.8900000,59.8900000,447
20210526,110000,60.0000000,60.0000000,59.9900000,59.9900000,215
20210526,111000,59.9400000,59.9400000,59.9400000,59.9400000,18
20210526,112000,59.8000000,59.8000000,59.8000000,59.8000000,100
20210526,113000,59.7800000,59.7800000,59.7800000,59.7800000,20
20210526,114000,59.6400000,59.6400000,59.6400000,59.6400000,100
20210526,115000,59.5700000,59.5700000,59.5700000,59.5700000,111
20210526,122000,59.6700000,59.7200000,59.6700000,59.7200000,200
20210526,124000,59.6200000,59.6200000,59.6200000,59.6200000,420
20210526,130000,59.6000000,59.6000000,59.5900000,59.5900000,75
20210526,132000,59.5500000,59.5500000,59.4900000,59.4900000,300
20210526,134000,59.3700000,59.3700000,59.3700000,59.3700000,500
20210526,143000,59.4000000,59.4000000,59.4000000,59.4000000,170
20210526,151000,59.4300000,59.4300000,59.3800000,59.3800000,67
20210526,152000,59.3700000,59.3700000,59.3700000,59.3700000,50
20210526,160000,59.3800000,59.3800000,59.3800000,59.3800000,10
20210526,162000,59.4700000,59.4800000,59.4700000,59.4800000,64
20210526,165000,59.2600000,59.2600000,59.2600000,59.2600000,68
20210526,174000,59.2200000,59.2200000,59.2200000,59.2200000,1000
20210526,180000,59.0600000,59.0600000,59.0600000,59.0600000,54
20210526,182000,59.1800000,59.1800000,59.1800000,59.1800000,80
20210526,183000,59.1600000,59.1800000,59.1600000,59.1800000,440
20210526,185000,59.1800000,59.1900000,59.1800000,59.1900000,180
20210526,201000,59.0600000,59.0600000,59.0600000,59.0600000,30
20210526,203000,59.2100000,59.2100000,59.0500000,59.0500000,98
20210526,204000,59.0100000,59.0100000,58.9100000,58.9100000,409
20210526,205000,59.0000000,59.0000000,59.0000000,59.0000000,90
20210526,211000,58.9100000,59.1400000,58.9100000,59.1400000,150
20210526,213000,58.9900000,58.9900000,58.9900000,58.9900000,70
20210526,231000,59.0600000,59.0600000,59.0600000,59.0600000,1
20210526,233000,59.0600000,59.0600000,59.0600000,59.0600000,1
20210527,091000,58.9400000,58.9400000,58.9400000,58.9400000,37
20210527,092000,59.0900000,59.0900000,59.0900000,59.0900000,15
20210527,094000,58.9200000,58.9200000,58.8100000,58.8100000,128
20210527,101000,59.0100000,59.0100000,59.0100000,59.0100000,50
20210527,102000,58.5600000,58.5600000,58.5600000,58.5600000,500
20210527,103000,58.6900000,58.6900000,58.6900000,58.6900000,1
20210527,104000,58.6800000,58.6800000,58.6800000,58.6800000,1
20210527,110000,58.5100000,58.5100000,58.5100000,58.5100000,100
20210527,111000,58.5300000,58.5400000,58.5300000,58.5400000,120
20210527,112000,58.5000000,58.5000000,58.4500000,58.4500000,355
20210527,113000,58.5100000,58.5900000,58.5100000,58.5900000,70
20210527,115000,58.4600000,58.4600000,58.4600000,58.4600000,200
20210527,124000,58.5300000,58.5300000,58.5300000,58.5300000,6
20210527,130000,58.7000000,58.7000000,58.6800000,58.6800000,120
20210527,135000,58.5600000,58.5800000,58.5600000,58.5800000,850
20210527,140000,58.5500000,58.5500000,58.5500000,58.5500000,33
20210527,143000,58.3000000,58.3000000,58.3000000,58.3000000,30
20210527,145000,58.3300000,58.3300000,58.3300000,58.3300000,177
20210527,152000,58.3200000,58.3200000,58.3200000,58.3200000,5
20210527,153000,58.2600000,58.2600000,58.2600000,58.2600000,250
20210527,155000,58.1500000,58.1500000,58.1500000,58.1500000,75
20210527,160000,58.2200000,58.2200000,58.2200000,58.2200000,18
20210527,162000,58.1400000,58.1900000,58.1200000,58.1200000,1256
20210527,163000,58.2500000,58.2500000,58.2500000,58.2500000,20
20210527,170000,58.4900000,58.4900000,58.4900000,58.4900000,30
20210527,171000,58.3500000,58.3500000,58.3500000,58.3500000,7
20210527,172000,58.4400000,58.4400000,58.4400000,58.4400000,20
20210527,173000,58.4100000,58.4100000,58.4100000,58.4100000,100
20210527,174000,58.3900000,58.3900000,58.3900000,58.3900000,35
20210527,175000,58.3900000,58.3900000,58.3700000,58.3700000,20
20210527,180000,58.2300000,58.2300000,58.2300000,58.2300000,375
20210527,181000,58.2300000,58.2300000,58.2200000,58.2300000,880
20210527,182000,58.1600000,58.1900000,58.1400000,58.1400000,648
20210527,185000,58.3700000,58.3700000,58.3700000,58.3700000,10
20210527,190000,58.2200000,58.2200000,58.2200000,58.2200000,160
20210527,200000,58.2000000,58.2000000,58.2000000,58.2000000,45
20210527,201000,58.2200000,58.2200000,58.0700000,58.2100000,89
20210527,202000,58.2300000,58.2300000,58.2300000,58.2300000,15
20210527,203000,58.2000000,58.4400000,58.2000000,58.4400000,100
20210527,205000,58.4300000,58.4300000,58.4300000,58.4300000,10
20210527,210000,58.4400000,58.4400000,58.2900000,58.2900000,10
20210527,214000,58.2900000,58.4400000,58.2900000,58.4400000,42
20210527,220000,58.3000000,58.3000000,58.3000000,58.3000000,170
20210527,221000,58.2300000,58.2300000,58.2300000,58.2300000,80
20210527,224000,58.1100000,58.3000000,58.1100000,58.3000000,230
20210527,225000,58.3200000,58.3200000,58.3200000,58.3200000,170
20210527,230000,58.3100000,58.3100000,58.3100000,58.3100000,17
20210527,231000,58.2100000,58.2100000,58.2100000,58.2100000,1
20210527,233000,58.2100000,58.2100000,58.2100000,58.2100000,1
20210528,091000,58.2000000,58.2000000,58.2000000,58.2000000,144
20210528,092000,58.7000000,58.7000000,58.7000000,58.7000000,58
20210528,101000,58.2600000,58.2600000,58.2600000,58.2600000,500
20210528,103000,58.3200000,58.3200000,58.3200000,58.3200000,8
20210528,105000,58.1900000,58.1900000,58.1900000,58.1900000,250
20210528,110000,58.2300000,58.2300000,58.2300000,58.2300000,50
20210528,111000,58.1900000,58.2900000,58.1900000,58.2900000,174
20210528,112000,58.3900000,58.3900000,58.3800000,58.3800000,720
20210528,113000,58.3900000,58.4800000,58.3900000,58.4800000,302
20210528,114000,58.4400000,58.4400000,58.4400000,58.4400000,290
20210528,120000,58.5100000,58.5100000,58.5100000,58.5100000,18
20210528,121000,58.5300000,58.5300000,58.5300000,58.5300000,40
20210528,122000,58.5500000,58.5500000,58.5500000,58.5500000,25
20210528,124000,58.6400000,58.6400000,58.6400000,58.6400000,166
20210528,125000,58.6400000,58.7200000,58.6400000,58.7100000,1160
20210528,131000,58.7000000,58.7000000,58.6200000,58.6200000,21
20210528,140000,58.6900000,58.6900000,58.6900000,58.6900000,60
20210528,141000,58.6700000,58.6700000,58.6700000,58.6700000,300
20210528,143000,58.6300000,58.6300000,58.6300000,58.6300000,170
20210528,144000,58.6800000,58.6800000,58.6800000,58.6800000,200
20210528,150000,58.6300000,58.6300000,58.6200000,58.6200000,158
20210528,153000,58.5800000,58.6000000,58.5800000,58.6000000,172
20210528,154000,58.7000000,58.7000000,58.7000000,58.7000000,38
20210528,160000,58.8200000,58.8200000,58.7700000,58.7700000,90
20210528,161000,58.7600000,58.7600000,58.7500000,58.7500000,26
20210528,162000,58.7600000,58.7600000,58.7600000,58.7600000,120
20210528,163000,58.5300000,58.5300000,58.5300000,58.5300000,25
20210528,164000,58.4800000,58.5500000,58.4800000,58.5500000,101
20210528,171000,58.6300000,58.6300000,58.6300000,58.6300000,35
20210528,173000,58.5300000,58.5300000,58.5300000,58.5300000,85
20210528,174000,58.5700000,58.5700000,58.5700000,58.5700000,85
20210528,175000,58.4800000,58.4800000,58.4800000,58.4800000,20
20210528,180000,58.4700000,58.4700000,58.4700000,58.4700000,490
20210528,194000,58.4200000,58.4200000,58.4200000,58.4200000,55
20210528,195000,58.4200000,58.4200000,58.4200000,58.4200000,15
20210528,205000,58.5600000,58.5600000,58.5600000,58.5600000,45
20210528,214000,58.5500000,58.5500000,58.5500000,58.5500000,8
20210528,221000,58.5600000,58.5600000,58.5600000,58.5600000,17
20210528,231000,58.4000000,58.4000000,58.4000000,58.4000000,1
20210528,233000,58.4000000,58.4000000,58.4000000,58.4000000,1
20210531,091000,58.4800000,58.4800000,58.4800000,58.4800000,160
20210531,100000,58.4800000,58.4800000,58.4800000,58.4800000,2
20210531,101000,59.0500000,59.1800000,59.0500000,59.1800000,602
20210531,102000,59.1600000,59.1600000,59.1600000,59.1600000,600
20210531,104000,59.1500000,59.1500000,59.1500000,59.1500000,8
20210531,111000,59.2000000,59.2000000,59.0400000,59.0400000,141
20210531,112000,59.1600000,59.1600000,59.0800000,59.0800000,70
20210531,113000,59.0000000,59.1500000,59.0000000,59.1400000,255
20210531,122000,59.1000000,59.1000000,59.1000000,59.1000000,90
20210531,124000,59.0400000,59.0400000,59.0400000,59.0400000,250
20210531,130000,59.0000000,59.0000000,59.0000000,59.0000000,225
20210531,131000,58.9400000,59.0300000,58.9400000,59.0000000,270
20210531,132000,58.9300000,58.9400000,58.9200000,58.9200000,3100
20210531,133000,58.9100000,58.9500000,58.9000000,58.9500000,311
20210531,134000,58.8700000,58.8700000,58.7900000,58.7900000,930
20210531,135000,58.7800000,58.7800000,58.7400000,58.7400000,90
20210531,144000,58.6800000,58.6800000,58.6800000,58.6800000,70
20210531,145000,58.7200000,58.7200000,58.7200000,58.7200000,400
20210531,150000,58.5800000,58.5800000,58.5800000,58.5800000,51
20210531,154000,58.5600000,58.5600000,58.5600000,58.5600000,11
20210531,161000,58.5600000,58.5600000,58.5600000,58.5600000,47
20210531,163000,58.6000000,58.6000000,58.6000000,58.6000000,11
20210531,173000,58.3500000,58.3500000,58.3500000,58.3500000,1
20210531,174000,58.3700000,58.3700000,58.3700000,58.3700000,50
20210531,181000,58.3900000,58.3900000,58.3900000,58.3900000,175
20210531,185000,58.2200000,58.2200000,58.2200000,58.2200000,5
20210531,191000,58.3800000,58.3800000,58.3800000,58.3800000,90
20210531,195000,58.3700000,58.5300000,58.3700000,58.5300000,47
20210531,210000,58.5300000,58.5300000,58.5300000,58.5300000,90
20210531,224000,58.4700000,58.4700000,58.4700000,58.4700000,80
20210531,231000,58.5500000,58.5500000,58.5500000,58.5500000,1
20210531,233000,58.5500000,58.5500000,58.5500000,58.5500000,1
20210601,091000,58.5400000,58.5400000,58.5400000,58.5400000,1
20210601,092000,58.5300000,58.5300000,58.5300000,58.5300000,27
20210601,094000,58.6800000,58.6800000,58.6800000,58.6800000,17
20210601,101000,58.2200000,58.3200000,58.1200000,58.3200000,246
20210601,102000,58.1800000,58.1800000,58.1800000,58.1800000,225
20210601,103000,58.0200000,58.0200000,58.0200000,58.0200000,128
20210601,104000,58.0900000,58.0900000,58.0000000,58.0000000,2230
20210601,105000,58.0900000,58.0900000,58.0900000,58.0900000,156
20210601,112000,58.1400000,58.1400000,58.1400000,58.1400000,50
20210601,114000,58.1800000,58.2600000,58.1800000,58.2600000,725
20210601,121000,58.5000000,58.5500000,58.4700000,58.5500000,180
20210601,125000,58.4500000,58.4500000,58.4500000,58.4500000,400
20210601,131000,58.4000000,58.4500000,58.4000000,58.4500000,120
20210601,140000,58.3700000,58.3700000,58.3600000,58.3600000,660
20210601,142000,58.3500000,58.3500000,58.3500000,58.3500000,50
20210601,151000,58.4700000,58.4700000,58.4700000,58.4700000,170
20210601,152000,58.4500000,58.4500000,58.4500000,58.4500000,100
20210601,154000,58.3900000,58.3900000,58.3900000,58.3900000,450
20210601,155000,58.4500000,58.4500000,58.4100000,58.4100000,190
20210601,162000,58.4000000,58.4000000,58.4000000,58.4000000,170
20210601,164000,58.4100000,58.4100000,58.3400000,58.4000000,136
20210601,165000,58.3800000,58.3800000,58.2700000,58.2700000,53
20210601,170000,58.2800000,58.2800000,58.2700000,58.2700000,70
20210601,171000,58.1800000,58.1800000,58.1800000,58.1800000,100
20210601,174000,58.2900000,58.2900000,58.1800000,58.2300000,261
20210601,180000,58.1700000,58.2000000,58.1700000,58.2000000,52
20210601,181000,58.1700000,58.1700000,58.1600000,58.1600000,13
20210601,191000,58.3200000,58.3200000,58.3200000,58.3200000,17
20210601,193000,58.1100000,58.1100000,58.1000000,58.1000000,210
20210601,201000,58.0700000,58.0900000,58.0700000,58.0900000,54
20210601,212000,58.1100000,58.1100000,58.0100000,58.0300000,66
20210601,221000,58.0300000,58.0300000,58.0300000,58.0300000,100
20210601,222000,58.1100000,58.1100000,58.1100000,58.1100000,90
20210601,225000,58.2800000,58.2800000,58.1300000,58.1300000,60
20210601,231000,58.2100000,58.2100000,58.2100000,58.2100000,1
20210601,233000,58.2100000,58.2100000,58.2100000,58.2100000,1
